XC=157.91;YC=4.11577;ZC=42.75;XEYE=314.43;YEYE=-39.59;ZEYE=140.471;
VIEW_WIDTH=189.626007;ASPECT=1.495220;
XBL=39.998001;YBL=-26.601999;ZBL=36.298000;
XBH=195.702011;YBH=26.202000;ZBH=55.202000;
